-1.66428950655 1.22405866164 1.0
0.315456598128 3.64170991788 1.0
-3.17971771145 1.54795770861 1.0
-0.0138224019288 1.67704677819 1.0
-1.17622757568 2.61789076459 1.0
-1.03038293825 0.585823009701 1.0
-0.0223038484939 2.14351659872 1.0
1.18355753482 5.32577066792 1.0
0.412483983461 2.18369046459 1.0
-1.2133931572 1.11842289967 1.0
3.78608264656 0.32453036178 -1.0
4.93043731609 2.88082575355 -1.0
3.62314892606 -1.06258220575 -1.0
2.81998350104 -0.637512197094 -1.0
5.14988059498 1.80031302467 -1.0
3.82549166709 1.89326027038 -1.0
4.65764152228 1.3286160912 -1.0
5.04156573189 0.763639817437 -1.0
3.34550020889 1.66345191129 -1.0
1.20443836929 -1.21558217061 -1.0