1.43978577106 4.74379891506 1.0
-0.150195162149 2.13710286393 1.0
-0.52968340158 2.13701948452 1.0
-0.391409043482 2.26672671017 1.0
1.92768896936 4.91796309594 1.0
-1.22957476807 1.33947654145 1.0
0.885588522909 2.673181972 1.0
-0.0847802449673 3.2800965913 1.0
-1.2807857456 1.92650912386 1.0
0.488844244025 3.03727821606 1.0
-1.51601571959 1.96563047495 1.0
-0.631526487494 1.89034131309 1.0
2.18393896152 3.77457128499 1.0
-2.16854795154 0.641693500424 1.0
-0.46043835475 4.36579973384 1.0
-0.0217208285238 3.75653510909 1.0
0.752629338579 4.0687701739 1.0
-1.52667816123 0.628827958033 1.0
-0.82028552664 3.84515325759 1.0
0.489301603534 2.84376042194 1.0
1.91544907142 5.92724507401 1.0
1.09859546093 4.44710137589 1.0
0.0853889724429 2.80168724995 1.0
0.481983825394 2.98626326655 1.0
-0.0996153818037 4.08642395675 1.0
1.15463388119 3.53324453877 1.0
-0.524979116779 3.77298569193 1.0
-0.0147308211621 3.69992122362 1.0
3.19521064603 4.78804004844 1.0
-1.40406197826 2.21127241025 1.0
0.849676445719 6.20235832543 1.0
0.193896756145 3.52669803844 1.0
-3.53308452841 0.435343316564 1.0
-1.42721511769 1.16109628669 1.0
4.20901922324 6.25518747488 1.0
-3.02618056062 0.965815986568 1.0
1.35575668033 3.9152827616 1.0
0.997431919927 3.13100622749 1.0
-0.608406709768 1.58524004613 1.0
0.352785112342 0.918147758031 1.0
-2.50854642484 0.811577397227 1.0
-2.78990034279 0.21421518203 1.0
-1.54738070734 2.74371496832 1.0
-2.32576269611 -0.496311328485 1.0
0.893613475979 3.70367182019 1.0
0.419057297254 5.66740965012 1.0
0.576584548298 3.47589946059 1.0
1.42134291998 4.44865450047 1.0
0.929143401752 4.24565213008 1.0
-0.709383455005 3.27005487867 1.0
-0.587824336736 0.23506925733 1.0
0.575277233833 3.91800363982 1.0
-0.12187924064 2.8432861841 1.0
0.225419101015 2.71868148111 1.0
1.26481621127 3.07030285572 1.0
-1.65489596198 3.08666316667 1.0
-1.10594042559 1.40498220048 1.0
-2.60611668267 -0.00231393410726 1.0
-0.827089706625 2.27063682433 1.0
2.14702889152 5.11838128068 1.0
1.95482789944 4.95874845979 1.0
-2.94517765107 1.04948844409 1.0
-0.898900394479 1.44221327577 1.0
0.0330766417283 3.37394487779 1.0
-2.28404595009 0.19941262398 1.0
-1.44244723294 2.10806629928 1.0
-0.707277732642 1.8292933536 1.0
-0.394849626188 4.01489033192 1.0
-1.72752818862 1.64576323933 1.0
-1.09308674115 -0.033247499269 1.0
-1.24738845291 3.66945778222 1.0
1.76741354303 3.27675717759 1.0
-0.593379765285 4.17464132707 1.0
-0.077022045613 1.6885251295 1.0
1.19389384234 4.28161406093 1.0
-0.42376205799 4.01458587558 1.0
2.34414981331 6.79497941688 1.0
0.873046698187 5.78726169724 1.0
3.33485639176 5.4774985131 1.0
0.150290803369 3.30534469603 1.0
-1.63814077156 2.99560984799 1.0
0.982570322859 4.78450031461 1.0
1.99510716044 2.93091949823 1.0
-0.765892715883 4.64603386338 1.0
0.980668674959 3.7369119326 1.0
-1.03561312793 2.31485361165 1.0
-2.27152838677 1.94495518409 1.0
-0.5038846397 1.47796267155 1.0
1.68279466273 4.51635189342 1.0
1.92811623065 3.91278231203 1.0
-2.21509383832 1.46401693429 1.0
1.6049587113 4.00707134104 1.0
-0.383911027685 2.94781596517 1.0
-0.854934279436 2.09249591443 1.0
0.351509163016 3.8004829252 1.0
-0.138121784896 2.1257407455 1.0
4.27011595944 7.47842577802 1.0
-1.15917762968 2.90000348938 1.0
3.24402769961 6.90115050875 1.0
-1.6940103631 1.67257611944 1.0
1.50203273031 -0.846996484103 -1.0
4.8403834146 0.692683147147 -1.0
3.13921678853 1.95986503542 -1.0
4.46674180584 1.09337728996 -1.0
3.04308693272 -0.564343511204 -1.0
3.27412157732 0.819493540264 -1.0
2.66948681446 0.301924530743 -1.0
4.07592239024 0.874046766437 -1.0
3.43799824537 3.09939214712 -1.0
2.08373218293 -1.44429592006 -1.0
6.3160701688 1.21849302576 -1.0
5.27298693139 2.21832147581 -1.0
1.29521853495 -0.270998079919 -1.0
1.77432529465 -1.19354718385 -1.0
4.14976781847 0.50232642083 -1.0
2.86236599543 1.41343846764 -1.0
1.75860833145 -0.370546511452 -1.0
3.82425114002 0.708883765984 -1.0
0.900382054084 -2.34543672767 -1.0
1.42306650173 -0.890805571264 -1.0
4.57893473239 0.723121190977 -1.0
3.32482702245 -0.0839044374444 -1.0
3.26223729767 0.794421639935 -1.0
4.30668621247 -0.0142645885291 -1.0
3.51999367885 0.322517006141 -1.0
1.8902139791 -0.144846682879 -1.0
1.37185942231 -1.99415316536 -1.0
4.68765781923 0.52013229991 -1.0
0.53892953627 -3.57082807915 -1.0
4.18074746891 2.16017008554 -1.0
3.39278021279 0.593092895605 -1.0
2.06621731393 -0.253524594672 -1.0
1.55784177035 -1.12782752745 -1.0
2.40393362148 0.374373345538 -1.0
2.26823790791 -1.72357912272 -1.0
3.86615020334 0.37839100282 -1.0
1.8063265491 -0.707913390761 -1.0
3.39570883803 2.47738495832 -1.0
3.39840175872 -1.24787253816 -1.0
1.44105455904 -0.861268440213 -1.0
1.39026466819 -0.674695317787 -1.0
1.39877946418 -1.03966835151 -1.0
2.96929506027 -0.147139286155 -1.0
2.83447755823 -0.348720333112 -1.0
2.0524580215 -1.3876848621 -1.0
1.62912252488 -0.509850427367 -1.0
4.11525150647 1.39768654628 -1.0
4.42275792591 0.55130875245 -1.0
4.16440628265 1.1310186361 -1.0
0.891819356335 -2.10723799567 -1.0
4.33290252027 1.34883205972 -1.0
2.46219887574 0.741624613601 -1.0
2.94503871444 0.0152736711642 -1.0
3.17548733695 2.40542301079 -1.0
4.85338476351 2.70645325202 -1.0
3.18648206123 0.608726666868 -1.0
3.58583869369 1.46977405055 -1.0
3.57458971584 1.582290905 -1.0
2.28274954678 -0.581261150824 -1.0
3.46491598098 -1.19679833149 -1.0
4.66340146262 1.26559955042 -1.0
3.31660736406 1.22952888114 -1.0
1.62999922019 -1.86384550021 -1.0
1.58826846047 -1.44261013937 -1.0
5.40174403581 3.56597111318 -1.0
3.97624870514 -0.365961296006 -1.0
0.515973747152 -0.925138937617 -1.0
3.75030503536 -0.844063231291 -1.0
3.29067198337 -0.0148536888105 -1.0
4.13668356545 1.07906957561 -1.0
3.56857904233 0.117388804713 -1.0
0.943429697299 -0.655466871111 -1.0
3.20201030986 0.74937070922 -1.0
4.89082650746 3.01642399912 -1.0
-0.0634323288698 -1.73882048485 -1.0
2.69592038349 -2.32634384579 -1.0
3.53938220562 -1.35060014989 -1.0
4.29791263518 3.09064507751 -1.0
3.70773779912 1.61122290787 -1.0
3.00570377551 1.88630573049 -1.0
5.33411608455 2.02219262992 -1.0
0.0274195832833 -1.92240669432 -1.0
3.06355407618 1.37906263309 -1.0
3.84445301019 -0.0206631573641 -1.0
5.03815413137 1.27025384093 -1.0
5.21227962562 0.422751175141 -1.0
4.98078116083 1.07152743083 -1.0
1.92647744857 -0.787731547003 -1.0
5.11275977916 1.19501576591 -1.0
2.03971514059 -1.03100073513 -1.0
1.43025797089 -0.145488224062 -1.0
0.281378397811 -2.84819268577 -1.0
-0.382458054012 -4.49242540824 -1.0
2.97276415982 0.53025372833 -1.0
4.78217817748 1.60583084134 -1.0
1.51677016743 -1.33527770077 -1.0
2.30940511145 0.0276402030974 -1.0
3.32673109838 -1.03129432148 -1.0
2.43695968488 -0.793803240168 -1.0
3.55678329299 0.594550419047 -1.0
